[codex-monitored] start: ts=2026-09-16T10:50:56Z heartbeat=30s timeout=2700s bin=codex
[codex-monitored] isolated=1
[codex-monitored] codex pid=16474
[codex-monitored] heartbeat: elapsed=30s
     2	
     4	
     6	
     8	
    10	
    12	
    20	
    22	
    26	
    28	
    32	
    36	
    38	
    40	
    42	
    44	
    46	
    48	
    50	
    54	
    56	
    63	
    65	
    67	
    69	
    75	
    77	
    79	
    81	
    83	
    89	
    91	
    93	
   101	
   103	
   105	
   111	
   113	
     2	
     4	
     6	
     8	
    10	
    12	
    20	
    22	
    26	
    28	
    30	
    32	
    35	
    37	
    39	
    45	
    47	
    49	
    51	
    53	
    55	
    57	
    59	
    64	
    66	
    69	
    71	
    73	
    75	
    79	
    81	
    83	
    90	
    92	
    97	
    99	
   102	
   105	
   107	
   109	
   111	
   117	
   119	
   121	
   123	
   128	
   130	
   133	
   135	
   137	
   141	
   144	
   146	
   151	
   153	
   155	
   158	
   160	
   162	
   164	
   169	
   171	
   173	
   175	
   177	
   179	
   181	
   183	
   185	
     3	
     6	
    10	
    15	
    27	
    28	
   111	
   113	
   114	
   117	
   118	
   121	
   122	
   125	
   126	
   129	
   130	
   138	
   139	
   146	
   147	
   164	
   165	
   171	
   172	
   193	
   194	
   197	
   198	
   211	
   212	
   220	
   221	
   231	
   424	
   442	
   454	
   455	
   483	
   484	
   505	
   506	
   800	
   865	
   890	
   909	
   921	
   922	
   931	
   936	
   946	
   949	
   950	
   340	
   342	
   344	
   346	
   348	
   350	
   352	
   354	
   361	
   363	
   365	
   370	
   372	
   374	
   376	
   378	
   380	
   382	
   384	
   386	
   388	
   390	
    11	
    14	
    17	
    21	
    29	
    39	
    42	
    54	
    64	
    76	
    90	
    97	
   104	
   115	
   120	
   136	
   155	
   163	
   178	
   198	
   203	
   224	
   228	
   236	
   248	
   257	
   266	
   280	
   285	
   291	
     2	
     4	
    13	
    23	
    27	
    31	
    36	
    41	
    48	
    57	
    66	
    73	
    79	
    91	
   102	
   106	
   113	
   120	
   130	
   137	
   143	
   147	
   152	
   157	
   161	
   166	
   175	
   184	
   189	
   193	
   198	
     2	
     7	
     9	
    12	
    18	
    26	
    33	
    37	
    42	
    53	
    55	
    59	
    63	
    67	
    69	
    73	
    79	
    87	
    89	
    94	
    99	
   107	
   113	
   115	
   124	
   132	
   140	
     2	
     5	
    20	
   138	
   139	
   146	
   147	
   164	
   165	
   171	
   172	
   193	
   194	
   197	
   198	
   454	
   455	
   483	
   484	
   505	
   506	
   890	
   909	
   921	
   922	
   931	
   936	
   946	
   949	
   950	
   372	
   374	
   376	
   378	
   380	
   382	
   384	
   386	
   388	
   390	
[codex-monitored] heartbeat: elapsed=60s
   505	
   506	
   865	
   890	
   909	
   921	
   922	
   931	
   936	
   946	
   949	
   950	
   370	
   372	
   374	
   376	
   378	
   380	
   382	
   384	
   386	
   388	
   176	
   177	
   222	
   223	
   364	
   365	
   442	
   443	
   464	
   465	
   468	
   469	
   503	
   504	
   202	
   203	
   224	
   225	
   438	
     2	
     4	
     6	
    46	
    48	
    11	
    14	
    17	
    21	
    29	
    39	
    42	
    54	
    64	
    76	
    90	
    97	
   104	
   446	
   467	
   481	
   485	
   509	
   513	
[codex-monitored] heartbeat: elapsed=90s
    12	
   356	
   364	
   375	
   384	
   396	
   401	
   406	
   412	
   432	
   449	
  1141	
  1145	
  1160	
  1184	
  1215	
  1309	
  1357	
  1375	
  1552	
  1718	
  1756	
  1795	
  1816	
  1849	
  1884	
  1903	
     4	
    10	
    17	
    23	
    32	
    40	
    46	
    52	
    59	
    72	
    76	
    91	
   140	
   160	
   173	
[codex-monitored] heartbeat: elapsed=120s
     4	
    10	
    12	
    23	
    38	
    50	
    68	
    75	
    80	
  1657	
  1682	
  1862	
  1905	
   526	
   538	
   549	
   554	
[codex-monitored] heartbeat: elapsed=150s
   444	
   266	
   284	
   346	
     3	
     6	
    10	
    15	
    27	
    28	
   111	
   113	
   114	
   117	
   193	
   205	
   208	
   214	
   216	
   220	
   226	
   232	
   248	
  1355	
    72	
    77	
    96	
   111	
[codex-monitored] heartbeat: elapsed=180s
   432	
   461	
   478	
   487	
  1638	
    54	
    55	
    73	
    74	
    86	
    87	
    93	
    94	
   109	
   110	
   114	
   115	
   133	
   134	
   684	
   685	
     8	
    11	
    14	
    23	
    28	
    32	
    37	
    42	
    48	
[codex-monitored] heartbeat: elapsed=210s
  1230	
   178	
[codex-monitored] heartbeat: elapsed=240s
    44	
[codex-monitored] heartbeat: elapsed=270s
[codex-monitored] heartbeat: elapsed=300s
  1245	
[codex-monitored] heartbeat: elapsed=330s
[codex-monitored] heartbeat: elapsed=360s
[codex-monitored] heartbeat: elapsed=390s
[codex-monitored] heartbeat: elapsed=420s
[codex-monitored] heartbeat: elapsed=450s
tokens used
126,931
[codex-monitored] codex exited: code=0 elapsed=478s
